A linelist of iron to derive vsini
  5521.695      39.0     1.900    -0.440     -7.02
  5521.697      26.0     3.274    -5.271     -6.80
  5521.764      38.0     2.251    -0.392     -7.18
  5522.446      26.0     4.209    -1.484     -7.17
  5522.458      23.0     2.365     0.824     -8.06
  5522.824      59.1     0.216    -5.477     -7.03
  5523.291      27.0     2.328    -1.979     -6.26
  5523.431      26.0     3.635    -3.586     -5.81
  5559.359      26.0     5.064    -1.870     -6.08
  5559.639      26.0     4.988    -1.596     -7.07
  5559.752      44.0     0.928    -1.108     -7.85
  5559.860      20.0     4.780    -8.057     -7.31
  5559.893      26.0     4.638    -2.300     -7.03
  5560.216      26.0     4.434    -0.937     -7.51
  5560.562      23.0     0.040    -3.056     -6.06
  5560.678      64.1     1.372    -0.235     -6.77
  5633.952      26.0     4.991    -0.186     -7.39
  5634.016      26.0     5.086    -5.943     -6.77
  5634.198      22.0     1.734    -2.535     -8.22
  5634.560      23.0     1.853   -10.000     -8.04
  5634.697      22.0     3.392    -9.186     -7.66
  5634.871      21.0     1.986    -2.834     -7.84
  5649.054      22.0     1.739    -2.763     -6.19
  5649.083      26.0     5.012    -1.366     -6.82
  5649.381      24.0     4.616     0.157     -6.92
  5649.465      24.0     3.839    -1.884     -6.80
  5649.577      21.0     2.010    -0.896     -7.35
  5649.630      26.0     3.634    -2.730     -8.42
  5649.692      28.0     4.167    -0.821     -6.81
  5649.987      26.0     5.099    -0.649     -7.30
  5650.127      42.0     1.382    -0.224     -6.08
  5650.319      26.0     4.549    -2.774     -6.23
  5650.483      14.0     5.616    -2.335     -7.35
  5650.598      14.0     5.616    -2.337     -5.25
  5650.688      26.0     5.085    -0.644     -7.15
  5651.473      26.0     4.473    -1.641     -7.22
  5651.483      23.0     1.869   -10.000     -8.08
  5651.752      27.0     4.259    -0.336     -5.83
  5652.010      66.0     0.000   -10.000     -8.82
  5652.010      26.0     4.218    -2.969     -7.00
  5652.322      26.0     4.260    -1.645     -7.16
  5678.032      26.0     4.985    -3.046     -6.31
  5678.379      26.0     3.883    -2.884     -7.08
  5678.390      24.1     6.484    -2.970     -6.45
  5678.601      26.0     2.424    -4.647     -7.34
  5678.607      24.0     4.613   -10.000     -6.28
  5679.028      26.0     4.652    -0.657     -7.32
  5679.034      58.1     1.677   -10.000     -6.87
  5679.119      26.0     5.033    -5.419     -5.12
  5679.916      22.0     2.472    -0.534     -6.97
  5680.240      26.0     4.186    -2.347     -7.34
  5680.261      58.1     0.295    -1.191     -6.98
  5680.920      40.0     0.543    -1.606     -6.93
  5720.167      25.0     5.673    -0.368     -6.35
  5720.436      22.0     2.292    -0.705     -6.63
  5720.572      23.0     2.743    -0.165     -5.98
  5720.617      39.0     2.038    -0.767     -7.44
  5720.775      27.0     2.042    -4.015     -7.33
  5720.775       6.0     8.537    -3.237     -7.87
  5720.837      26.0     5.012    -3.587     -6.53
  5720.895      26.0     4.548    -1.743     -7.14
  5720.923      21.0     2.338    -0.171     -7.70
  5721.021      14.0     5.863    -2.579     -6.57
  5721.644      22.0     2.334    -3.649     -7.70
  5721.707      26.0     4.154    -2.719     -8.36
  5721.771      24.0     3.551    -1.426     -6.16
  5721.798      22.0     3.161    -1.090     -7.50
  5793.073      14.0     4.930    -1.917     -7.13
  5793.120       6.0     7.946    -2.146     -9.11
  5793.158      26.1     3.221   -10.000     -6.87
  5793.376      26.1    10.758    -3.729     -7.26
  5793.405      26.1    11.932    -3.981     -7.10
  5793.406      24.0     3.087    -2.151     -7.11
  5793.679      26.0     4.593    -2.822     -7.54
  5793.915      26.0     4.220    -2.038     -7.30
  5793.916      27.0     4.209     0.688     -7.44
  5794.104      23.0     2.638    -6.090     -8.09
  5794.319      27.0     2.008    -2.307     -1.69
  5794.473       6.0     7.946    -2.812     -9.96
  5794.599      24.0     4.532    -0.615     -6.17
  5811.065      27.0     2.042    -3.318     -7.44
  5811.122      23.0     3.079    -1.061     -6.89
  5811.541      25.0     4.258    -3.278     -7.23
  5811.570      60.1     0.859    -0.918     -7.34
  5811.614      26.0     4.638    -8.997     -6.36
  5811.674      26.0     4.209    -4.575     -7.18
  5811.695      26.0     4.209    -3.710     -7.40
  5811.914      26.0     4.143    -2.323     -7.95
  5811.953      26.1     2.704    -5.467     -7.83
  5812.149      19.0     1.610    -2.834     -7.36
  5812.445      26.0     4.559    -2.429     -6.81
  5812.457      26.1     8.259    -7.621     -8.64
  5812.644      22.0     1.046    -3.088     -6.96
  5812.718       6.0     8.851    -1.966     -3.96
  5812.822      22.0     3.319    -0.062     -6.81
  5812.915      58.0     0.552     1.090     -7.45
  5813.947      22.0     1.067    -2.739     -7.07
  5814.008      26.0     5.086    -1.810     -7.60
  5814.349      26.0     4.580    -4.270     -6.84
  5814.502      22.1     1.584    -6.701     -7.15
  5814.776      23.0     2.130    -3.898     -7.45
  5814.807      26.0     4.283    -1.720     -7.27
  5814.979      44.0     1.131    -0.899     -7.59
  5815.165      59.1     1.050    -0.750     -7.59
  5815.217      26.0     4.154    -2.521     -7.04
  5815.223      26.0     4.593    -2.165     -7.42
  5815.331      59.1     1.590     0.396     -7.52
  5815.422      90.1     0.231    -1.168     -7.48
  5852.222      26.0     4.548    -1.097     -7.20
  5852.326      22.0     1.053   -10.000      2.00
  5852.627      59.1     1.254     0.187      2.00
  5853.078      22.0     3.179     2.000     -3.81
  5853.078      22.0     3.179   -10.000      2.00
  5853.152      26.0     1.485    -5.006     -6.91
  5853.668      56.1     0.604    -2.455    -10.00
  5853.683      26.0     4.191    -0.783     -8.52
  5853.734      23.0     1.893     2.000      2.00
  5861.621      13.1    15.062    -1.676     -7.39
  5862.188      14.0     5.863     2.000     -1.90
  5862.227      26.0     3.640    -9.572     -9.39
  5862.366      26.0     4.549    -0.186     -7.57
  5862.492      58.0     0.517    -1.527     -9.39
  5862.666      24.0     3.125     2.000     -1.46
  5862.854      66.2     0.881    -3.992     -7.39
  5862.867      27.0     2.700    -7.128     -7.21
  5862.889      26.0     4.209    -3.113     -7.72
  5863.161      23.0     2.122    -4.352     -7.51
  5863.330      60.1     1.357    -6.768     -7.46
  5986.089      26.0     4.796    -2.043     -6.39
  5986.786      24.0     3.395    -0.143     -3.71
  5986.956      26.0     3.301    -4.111    -10.00
  5987.043      23.1     2.522    -1.121     -7.51
  5987.072      26.0     4.796    -0.428     -7.35
  5987.269      59.1     1.260     1.822     -1.46
  5987.334      28.0     3.399    -2.483     -6.22
  5987.711      24.0     3.011    -0.754     -1.48
  6004.559      64.1     1.659    -0.824      0.00
  6005.025      27.0     1.710    -5.901     -7.33
  6005.522      26.0     4.178    -2.960     -7.14
  6005.547      26.0     2.588    -3.437     -7.35
  6005.860      58.0     0.294    -2.929     -9.39
  6006.279      24.0     3.849    -1.889     -7.46
  6006.331      59.1     1.658     0.532      0.00
  6006.349      27.0     4.395    -0.333     -7.38
  6006.549      22.0     2.408    -4.889     -9.26
  6089.127      23.1     2.557    -2.087     -6.26
  6089.476      23.0     1.043    -2.200     -4.60
  6089.573      26.0     4.580    -1.165     -7.53
  6089.632      24.1     6.487    -1.373     -6.49
  6089.995      26.0     4.991    -3.192     -7.83
  6090.069      25.0     4.354    -2.205     -9.15
  6090.214      23.0     1.081    -0.109     -7.24
  6090.544      23.0     1.064    -4.428     -9.14
  6090.563      27.0     3.409    -2.060     -7.66
  6119.417      14.0     5.082    -4.425     -6.90
  6119.425      26.0     3.695    -3.974     -7.42
  6119.532      23.0     1.064    -0.397     -7.28
  6119.763      28.0     4.266    -1.251     -7.17
  6120.253      26.0     0.915    -5.826     -7.42
  6120.812       6.0     8.851    -1.793      0.00
  6120.846      40.0     0.519    -2.820     -7.67
  6120.921      26.0     4.283    -4.081     -7.15
  6120.985      23.1     2.499    -3.035     -7.53
  6121.001      22.0     1.879    -1.387     -7.43
  6127.299      26.0     5.010    -3.235     -7.37
  6127.391      26.0     4.733    -2.794     -7.11
  6127.460      40.0     0.154    -1.018      0.00
  6127.716      22.0     3.179    -2.245     -7.78
  6127.912      26.0     4.143    -1.284     -7.69
  6127.965      26.0     4.283    -7.924     -7.14
  6128.023      26.0     2.279    -5.426     -7.39
  6128.120      26.0     5.064    -2.062     -6.89
  6128.230      27.0     3.665    -1.411     -7.23
  6128.328      23.0     1.051    -1.986     -7.22
  6128.564      23.0     0.017    -4.926     -8.02
  6148.618      69.1     4.924    -3.124     -7.89
  6148.648      26.0     5.341    -8.138     -7.13
  6148.654      26.0     5.341    -8.216     -7.13
  6148.654      26.0     4.320    -2.748     -8.88
  6148.735      26.0     1.557    -9.347     -7.89
  6148.770      25.0     6.242    -9.274     -7.84
  6148.776      58.1     1.319    -2.777     -8.06
  6148.779      26.0     4.991    -3.267     -7.53
  6148.795      23.0     2.505    -6.921     -7.83
  6148.934      22.0     3.186    -1.830     -7.14
  6148.969      26.0     5.614    -8.772     -6.63
  6148.977      20.0     5.550    -6.675     -6.39
  6149.030      25.0     6.393    -8.426     -7.06
  6149.050      24.0     3.890    -3.501     -6.99
  6149.175      22.0     3.215    -1.496     -7.21
  6149.250      26.1     3.889    -2.786     -7.48
  6149.729      22.0     2.160    -1.518     -7.52
  6149.834      24.0     4.802    -1.764     -7.18
  6150.099      26.1     3.221    -4.711     -8.18
  6150.161      23.0     0.301    -1.693     -6.79
  6150.191      22.0     3.199    -0.627     -7.21
  6150.636      22.0     3.128    -7.285    -10.00
  6150.934      26.0     5.348    -1.283     -4.50
  6151.526      23.0     1.051    -3.780    -10.00
  6151.622      26.0     2.176    -3.188     -7.73
  6152.075      24.0     4.099    -1.986     -7.84
  6152.292      14.0     5.964    -1.358     -5.69
  6152.458      23.0     0.040    -2.069     -4.58
  6156.755       8.0    10.741   -10.000     -6.46
  6156.776       8.0    10.741   -10.000     -6.46
  6156.805      26.0     4.956    -1.998     -6.94
  6157.144      22.0     2.160    -3.258     -7.84
  6157.348      22.0     2.677    -0.773     -7.18
  6157.583      22.0     3.178    -2.202     -7.62
  6157.643      14.0     5.964    -3.473     -6.26
  6157.733      40.0     2.433    -0.128     -7.99
  6157.734      26.0     4.076    -1.097     -7.69
  6157.786      23.0     1.043    -3.999     -7.28
  6157.822      60.1     0.550    -1.336      0.00
  6158.172       8.0    10.741    -0.466     -6.46
  6158.186       8.0    10.741    -0.434     -6.46
  6158.438      22.1     1.892    -4.771     -7.51
  6158.514      27.0     2.137    -3.663     -7.84
  6172.046      24.0     4.106    -0.686     -5.86
  6172.215      26.0     4.313    -4.468     -7.07
  6172.229      23.0     2.582    -1.580     -7.12
  6172.721      57.1     0.126    -1.767     -7.07
  6172.821      16.0     8.045    -2.249     -7.29
  6173.008      26.0     0.990    -8.444     -8.02
  6173.029      63.1     1.320    -1.013     -7.53
  6173.340      26.0     2.223    -2.775     -7.83
  6173.584      16.0     8.045    -0.874     -6.39
  6173.639      26.0     4.446    -4.458     -6.10
  6173.745      16.0     8.046    -3.052     -7.07
  6226.250      26.0     3.642    -3.494     -6.48
  6226.304      23.1     2.556    -2.722    -10.00
  6226.373      59.2    14.940    -1.246     -7.11
  6226.638      24.1     4.756     2.000      2.00
  6226.740      26.0     3.883    -2.021     -7.42
  6231.715      21.0     0.021    -6.052     -9.86
  6232.383      27.0     4.572    -6.898     -6.85
  6232.437      27.0     3.409    -4.599     -7.49
  6232.448      58.1     1.206    -0.717      0.00
  6232.648      26.0     3.654    -1.161     -7.55
  6232.715      26.0     3.397    -5.737     -7.18
  6233.028      23.0     2.863    -2.496     -7.21
  6233.044      26.0     5.393    -2.878     -6.73
  6233.079      26.0     3.111    -6.651     -9.67
  6233.194      23.0     0.275    -1.987     -7.34
  6233.500      26.1     5.484    -2.666     -7.37
  6233.636      26.0     5.086    -2.473     -6.93
  6237.324      14.0     5.614    -1.007     -7.27
  6237.648      17.0    10.653    -6.614     -9.26
  6237.648      17.0    10.653    -6.815     -9.26
  6237.660      26.1     5.571    -2.046     -5.85
  6237.677       7.0    12.010    -2.571     -9.28
  6237.688      62.1     1.493    -2.878     -8.58
  6237.781      26.1     7.707    -2.304     -9.31
  6237.808      26.1    10.329     0.693     -5.98
  6237.813      23.0     4.256    -0.202     -8.50
  6237.816      24.1     4.168    -2.374     -5.24
  6237.823      26.1    10.623    -6.844     -9.14
  6237.832      27.1    12.088    -1.024     -9.42
  6237.853      27.1    12.013     1.301     -9.42
  6237.864      26.1     9.694    -5.130     -9.31
  6238.264      23.0     2.578    -9.451     -8.62
  6238.290      14.0     5.082    -2.794     -6.65
  6238.391      26.1     3.889    -2.693     -7.36
  6238.505      60.1     1.044    -0.465     -5.69
  6238.599      72.0     0.292    -5.227     -7.07
  6238.656      26.0     4.652    -2.513     -5.87
  6239.362      26.1     2.807    -4.793     -7.71
  6321.753      38.0     2.251    -3.105     -6.74
  6321.759      24.1     8.184    -8.002     -6.65
  6322.176      28.0     4.154    -1.105     -6.87
  6322.545      24.0     3.890    -3.142     -9.60
  6322.694      26.0     2.588    -2.314     -7.64
  6322.734      21.0     3.101    -0.459     -7.74
  6323.020      26.1    14.424    -7.736     -6.22
  6323.120       6.0     9.172    -3.363     -6.45
  6323.127      26.1    14.424    -8.428     -7.40
  6334.466      14.0     5.964    -2.433     -6.41
  6335.340      26.0     2.198    -2.323     -7.74
  6335.701       6.0     8.771    -2.570      0.00
  6336.100      22.0     1.443    -1.591     -7.28
  6336.263      24.1     4.073    -3.254     -7.39
  6358.105      57.1     0.709    -1.869      0.00
  6358.429      26.0     4.593    -4.802     -8.70
  6358.633      26.0     4.143    -1.785     -7.40
  6358.653      26.0     4.371   -10.000     -7.15
  6358.686      22.0     1.460    -5.337     -7.18
  6358.697      26.0     0.859    -4.225     -7.39
  6358.817      23.0     2.138    -0.789     -7.47
  6359.174      22.0     2.154    -1.763     -7.43
  6432.010      28.0     3.542    -2.690     -6.97
  6432.685      26.1     2.891    -3.650     -7.39
  6455.606      20.0     2.523    -1.254     -7.61
  6455.837      26.1     5.553    -2.647     -6.62
  6455.976       8.0    10.741     0.641     -5.23
  6455.978      57.0     0.131     2.000      2.00
  6456.389      26.1     3.903    -2.175     -7.68
  6456.875      20.1     8.438     2.000      2.00
  6456.875      20.1     8.438     0.324     -6.67
  6456.875      20.1     8.438     0.248     -6.85
  6481.876      26.0     2.279    -2.866     -7.63
  6482.204      26.1     6.219    -1.826     -7.47
  6482.252      60.1     0.321    -1.740      0.00
  6482.560      26.0     3.695    -4.710     -7.80
  6482.761      26.0     4.154    -3.016     -7.14
  6482.788      27.0     2.328    -2.242     -6.48
  6482.806      28.0     1.935    -2.794     -7.28
  6627.261      26.1     7.274    -1.715     -7.86
  6627.263      24.0     2.915    -3.245     -6.90
  6627.547      26.0     4.548    -1.400     -7.27
  6627.873      24.0     4.144    -1.426     -4.97
  6628.378      22.0     3.334    -0.986      2.00
  6645.949      26.0     5.446    -2.827     -7.48
  6645.958      28.0     5.303    -2.587     -7.56
  6646.044      24.1     4.927    -6.408     -7.87
  6646.121      24.0     3.369    -3.964     -7.77
  6646.672      21.1     7.472    -1.163     -7.65
  6646.682      20.0     5.321    -0.491     -6.47
  6646.692      26.0     5.410    -5.419     -7.28
  6646.803      24.0     5.904    -4.619     -7.28
  6646.833      64.0     1.401    -1.683     -8.01
  6646.938      26.0     2.608    -3.831     -7.14
  6698.673      13.0     3.143    -1.709     -7.07
  6699.144      26.0     4.593    -2.004     -7.16
  6704.480      26.0     4.217    -2.580     -7.14
  6704.523      58.1     2.474     0.439      0.00
  6705.101      26.0     4.607    -1.088     -7.54
  6705.134      26.0     4.956    -1.399     -7.02
  6709.701      40.0     0.520    -1.722     -6.62
  6709.893      20.0     2.933    -2.692     -7.31
  6710.322      26.0     1.485    -4.732     -7.34
  6724.616      58.1     2.473    -9.062     -8.85
  6724.645      58.1     1.194    -0.003     -6.52
  6724.654      28.1    14.909    -5.945     -7.94
  6724.663      69.1     4.254    -3.732     -8.77
  6725.364      26.0     4.103    -2.093     -7.30
  6725.435      26.0     5.607    -2.652     -6.72
  6726.065      20.1     8.763    -0.930     -6.77
  6726.272      22.0     1.873    -2.255     -5.80
  6726.670      26.0     4.607    -0.951     -7.50
  6731.244      20.0     5.832    -4.642     -7.10
  6731.500      29.0     7.513    -4.666     -6.88
  6731.520      28.0     5.288    -2.726     -7.14
  6731.810      62.1     1.166    -2.521      2.00
  6732.044      23.0     1.893    -1.932     -7.85
  6732.065      26.0     4.584    -2.069     -7.13
  6738.845      24.0     5.271     0.673     -6.96
  6739.011      22.0     2.334    -1.975     -7.43
  6739.451      21.0     3.172    -3.899     -4.34
  6739.452      24.0     5.274    -1.254     -7.13
  6739.493      14.0     5.964    -3.674     -6.54
  6739.525      26.0     1.557    -4.797     -7.68
  6739.878      41.0     1.043    -1.400     -4.87
  6740.078      60.1     0.064    -1.544      0.00
  6745.100      26.0     4.580    -2.047     -7.33
  6745.230      20.0     4.535    -1.874     -7.15
  6745.547      22.0     2.236    -1.141     -7.43
  6745.962      26.0     4.076    -2.603     -7.42
  6746.334      22.0     1.887    -2.030     -7.44
  6746.601      24.0     2.987    -2.617     -7.42
  6746.739      24.0     5.277    -0.886     -7.13
  6746.954      26.0     2.608    -4.253     -7.21
  6839.376      26.0     3.252    -4.885     -4.81
  6839.405      22.0     3.108    -1.191     -2.88
  6839.523      28.1    12.472    -3.569     -7.54
  6839.574      23.0     2.359    -1.563     -3.22
  6839.835      26.0     2.559    -3.304     -7.57
  6854.823      26.0     4.593    -1.825     -7.31
  6855.168      26.0     4.558    -0.525     -7.52
  6855.714      26.0     4.607    -1.885     -7.25
  6855.732      22.1     2.061    -2.700     -7.54
  6856.010      62.1     1.076    -0.749      0.00
  6856.591      26.1     6.138    -3.307     -8.97
  6856.813      24.0     4.778    -4.873     -8.65
  6857.255      26.0     4.076    -1.996     -7.42
  6857.571      24.0     2.889    -1.495     -4.42
  6857.853      26.1    11.219     1.099     -9.40
  6857.858      40.0     1.822    -2.757    -10.00
  6858.132      26.0     3.603    -3.101     -7.18
  6858.156      26.0     4.607    -0.941     -7.34
  6858.225      39.1     1.738    -3.593      0.00
  6858.409      27.0     5.204    -2.238     -7.23
  6860.945      26.0     2.832    -4.087     -7.37
  6861.236      28.0     5.363    -0.762     -7.34
  6861.291      22.0     3.399    -2.071     -6.72
  6861.426      22.0     2.267    -0.745     -7.24
  6861.551      22.0     3.424    -0.492     -7.14
  6861.738      26.0     5.458    -1.746     -6.88
  6861.892      14.0     6.223    -2.974     -6.27
  6861.937      22.0     3.111    -3.668    -10.00
  6861.943      26.0     2.424    -3.712     -7.58
  6862.155      26.0     5.506    -3.647     -7.06
  6862.495      26.0     4.559    -1.340     -7.33
  6862.810      62.1     0.885    -1.411      0.00
